1,568,335,43,27,0
2,569,334,43,27,0
3,570,333,43,27,0
4,571,332,43,27,0
5,572,331,43,27,0
6,574,330,43,27,0
7,575,329,43,27,0
8,576,328,43,27,0
9,578,328,43,27,0
10,579,327,43,27,0
11,581,327,43,27,0
12,582,326,43,27,0
13,583,325,43,27,0
14,584,324,43,27,0
15,585,323,43,27,0
16,586,323,43,27,0
17,586,322,43,27,0
18,586,322,43,27,0
19,586,322,43,27,0
20,586,321,43,27,0
21,586,321,43,27,0
22,587,321,43,27,0
23,586,321,43,27,0
24,586,322,43,27,0
25,585,323,43,27,0
26,585,324,43,27,0
27,581,326,43,27,0
28,577,328,43,27,0
29,574,331,43,27,0
30,570,333,43,27,0
31,567,336,43,27,0
32,563,340,43,26,0
33,560,344,42,26,0
34,556,348,42,26,0
35,553,352,41,26,0
36,550,354,41,25,0
37,548,356,41,25,0
38,545,358,41,25,0
39,543,360,41,25,0
40,541,360,41,26,0
41,539,361,41,26,0
42,537,362,41,26,0
43,535,363,41,26,0
44,533,364,41,27,0
45,532,365,41,27,0
46,531,367,41,27,0
47,530,368,41,27,0
48,529,370,41,27,0
49,529,372,41,27,0
50,529,373,41,27,0
51,529,374,41,27,0
52,529,376,41,27,0
53,529,377,41,27,0
54,530,379,41,27,0
55,531,377,41,27,0
56,533,375,41,27,0
57,535,373,41,27,0
58,537,372,41,27,0
59,542,367,41,27,0
60,547,363,41,27,0
61,553,359,41,27,0
62,558,355,41,27,0
63,564,351,41,27,0
64,571,347,41,27,0
65,578,343,41,27,0
66,585,339,41,27,0
67,592,335,41,27,0
68,598,332,41,27,0
69,604,329,41,27,0
70,610,326,41,27,0
71,617,323,41,27,0
72,621,321,41,27,0
73,625,319,41,27,0
74,629,317,41,27,0
75,629,314,41,27,0
76,633,309,41,30,0
77,636,305,39,29,0
78,640,302,37,27,0
79,642,301,41,27,0
80,644,297,41,28,0
81,646,293,41,29,0
82,649,290,41,29,0
83,651,289,41,28,0
84,653,288,41,27,0
85,652,288,41,27,0
86,652,289,41,27,0
87,647,294,41,27,0
88,642,299,41,27,0
89,637,304,41,27,0
90,633,309,41,27,0
91,623,315,42,28,0
92,614,321,42,30,0
93,605,328,43,31,0
94,596,334,43,31,0
95,587,341,43,31,0
96,578,345,43,31,0
97,569,349,43,31,0
98,561,353,43,31,0
99,556,353,43,31,0
100,551,353,43,31,0
101,545,354,43,31,0
102,539,355,43,31,0
103,533,356,43,31,0
104,530,354,43,31,0
105,527,352,43,31,0
106,524,351,43,31,0
107,522,350,43,31,0
108,521,349,43,31,0
109,520,348,43,31,0
110,519,348,43,31,0
111,520,347,44,32,0
112,521,347,45,32,0
113,522,347,46,32,0
114,523,347,47,32,0
115,524,347,49,33,0
116,527,347,49,33,0
117,530,348,49,33,0
118,534,349,49,33,0
119,537,348,49,34,0
120,540,348,49,35,0
121,543,347,49,36,0
122,546,347,49,37,0
123,550,346,49,37,0
124,555,346,49,37,0
125,559,346,49,37,0
126,564,346,49,37,0
127,568,345,50,38,0
128,573,345,51,38,0
129,578,344,51,40,0
130,583,344,52,40,0
131,588,344,53,41,0
132,592,345,53,41,0
133,596,346,53,41,0
134,600,347,53,41,0
135,605,349,53,41,0
136,607,348,53,41,0
137,609,348,53,41,0
138,611,348,53,41,0
139,614,348,53,41,0
140,616,346,53,42,0
141,618,344,53,43,0
142,620,342,53,44,0
143,623,340,52,45,0
144,625,337,52,45,0
145,627,334,52,45,0
146,629,331,52,45,0
147,631,329,52,45,0
148,632,325,52,46,0
149,633,322,53,46,0
150,634,318,54,47,0
151,635,315,55,48,0
152,635,313,55,48,0
153,635,311,55,48,0
154,635,309,55,48,0
155,636,307,55,48,0
156,636,305,55,48,0
157,637,304,55,48,0
158,637,303,55,48,0
159,638,302,55,48,0
160,639,301,55,48,0
161,639,300,54,49,0
162,640,300,53,49,0
163,641,299,51,50,0
164,642,299,50,50,0
165,643,299,49,51,0
166,643,301,49,51,0
167,643,303,49,51,0
168,644,305,49,51,0
169,643,307,49,51,0
170,642,309,49,51,0
171,641,312,49,51,0
172,640,314,49,51,0
173,639,317,49,51,0
174,639,318,49,51,0
175,639,320,49,50,0
176,639,322,49,50,0
177,639,323,49,50,0
178,639,325,49,49,0
179,640,327,49,49,0
180,639,327,49,50,0
181,639,327,49,51,0
182,638,327,49,52,0
183,638,328,49,53,0
184,637,329,49,53,0
185,636,330,49,53,0
186,636,332,48,52,0
187,635,333,48,52,0
188,635,335,47,52,0
189,635,336,47,53,0
190,636,338,46,53,0
191,637,340,45,53,0
192,638,342,45,53,0
193,638,342,44,53,0
194,639,342,43,53,0
195,640,342,42,53,0
196,641,343,41,52,0
197,641,343,41,52,0
198,641,343,41,52,0
199,641,343,41,52,0
200,641,343,41,52,0
201,641,343,41,53,0
202,641,343,41,53,0
203,641,344,41,53,0
204,642,345,41,53,0
205,642,346,41,53,0
206,642,347,41,53,0
207,643,348,41,53,0
208,643,347,41,53,0
209,644,346,41,53,0
210,644,345,41,53,0
211,645,344,41,53,0
212,646,343,41,53,0
213,647,342,41,53,0
214,649,341,41,53,0
215,650,340,41,53,0
216,652,339,41,53,0
217,653,338,41,53,0
218,655,337,41,53,0
219,657,336,40,52,0
220,659,335,40,52,0
221,662,334,39,52,0
222,664,333,38,52,0
223,666,332,38,52,0
224,669,331,37,52,0
225,669,329,37,52,0
226,670,327,37,53,0
227,671,326,36,52,0
228,672,324,36,53,0
229,673,323,36,53,0
230,674,323,36,54,0
231,676,323,35,55,0
232,677,323,35,56,0
233,679,324,35,57,0
234,679,324,34,56,0
235,679,324,34,56,0
236,679,325,33,55,0
237,679,325,33,55,0
238,679,326,33,54,0
239,678,326,33,54,0
240,678,327,33,54,0
241,677,327,33,55,0
242,677,328,33,54,0
243,676,328,33,55,0
244,676,329,33,55,0
245,675,330,33,55,0
246,674,332,33,55,0
247,673,334,33,55,0
248,672,336,33,55,0
249,671,338,33,55,0
250,669,338,33,56,0
251,667,339,33,56,0
252,665,340,33,56,0
253,663,341,33,56,0
254,661,342,33,56,0
255,660,343,33,57,0
256,657,344,33,57,0
257,655,345,33,57,0
258,653,347,33,57,0
259,651,348,33,57,0
260,649,350,33,57,0
261,647,352,33,57,0
262,646,354,32,57,0
263,644,356,32,57,0
264,643,358,31,57,0
265,642,360,30,57,0
266,641,360,30,57,0
267,641,360,30,57,0
268,640,360,30,57,0
269,640,360,30,57,0
270,640,360,30,57,0
271,640,360,30,57,0
272,640,361,30,57,0
273,640,362,30,57,0
274,640,363,30,57,0
275,640,364,30,57,0
276,638,363,30,57,0
277,636,362,30,57,0
278,635,362,30,57,0
279,633,361,30,57,0
280,632,361,30,57,0
281,630,360,30,57,0
282,629,360,29,57,0
283,628,359,28,57,0
284,626,359,28,57,0
285,625,358,27,57,0
286,624,358,27,57,0
287,623,357,27,57,0
288,623,357,27,57,0
289,622,356,27,57,0
290,622,356,27,57,0
291,622,355,27,57,0
292,622,355,27,57,0
293,623,355,27,57,0
294,623,355,27,57,0
295,623,355,27,57,0
296,624,355,27,57,0
297,625,355,27,57,0
298,626,355,27,57,0
299,628,355,27,57,0
300,629,355,27,57,0
301,630,355,27,57,0
302,632,355,27,57,0
303,634,353,27,57,0
304,637,352,27,57,0
305,640,351,27,57,0
306,643,350,27,57,0
307,646,349,27,57,0
308,647,349,27,57,0
309,648,350,27,57,0
310,649,351,27,57,0
311,651,352,27,57,0
312,651,351,27,57,0
313,652,350,27,57,0
314,652,350,27,57,0
315,653,349,27,57,0
316,653,348,27,57,0
317,654,348,27,57,0
318,653,347,27,57,0
319,653,347,27,56,0
320,652,347,28,55,0
321,652,347,28,55,0
322,652,346,28,55,0
323,651,346,29,54,0
324,651,346,29,53,0
325,651,346,29,53,0
326,651,346,30,53,0
327,651,346,32,53,0
328,651,346,33,53,0
329,651,346,35,53,0
330,651,347,37,52,0
331,651,346,37,52,0
332,651,345,37,53,0
333,651,345,37,52,0
334,651,344,37,53,0
335,651,343,37,53,0
336,652,343,37,53,0
337,649,342,38,53,0
338,647,341,38,53,0
339,645,341,38,53,0
340,643,340,38,53,0
341,641,340,39,53,0
342,639,340,40,53,0
343,637,341,42,53,0
344,636,342,43,53,0
345,635,340,43,53,0
346,635,339,43,53,0
347,635,338,43,53,0
348,635,337,43,53,0
349,635,336,43,53,0
350,635,336,44,53,0
351,636,336,45,53,0
352,637,336,46,53,0
353,638,336,47,53,0
354,639,336,48,53,0
355,640,336,49,53,0
356,641,335,49,52,0
357,643,335,49,51,0
358,644,335,49,50,0
359,646,335,49,49,0
360,644,334,49,49,0
361,642,334,49,49,0
362,640,334,49,49,0
363,639,334,49,49,0
364,637,334,49,49,0
365,635,334,49,49,0
366,634,334,49,49,0
367,632,336,49,46,0
368,630,338,49,43,0
369,628,340,49,41,0
370,626,342,49,38,0
371,624,344,49,35,0
372,622,346,49,33,0
373,621,346,48,33,0
374,620,346,48,33,0
375,620,346,47,33,0
376,619,346,46,33,0
377,618,346,46,33,0
378,618,346,45,33,0
379,619,347,45,32,0
380,620,348,46,32,0
381,621,350,47,31,0
382,622,351,47,30,0
383,623,352,48,30,0
384,624,354,49,29,0
385,625,354,49,29,0
386,626,354,49,29,0
387,627,354,49,29,0
388,628,354,49,29,0
389,629,354,49,29,0
390,630,354,49,29,0
391,632,353,49,29,0
392,635,353,49,29,0
393,637,353,49,29,0
394,640,353,49,29,0
395,640,352,49,29,0
396,640,352,49,29,0
397,640,351,49,29,0
398,640,351,49,29,0
399,641,351,49,29,0
400,640,349,49,29,0
401,640,348,49,29,0
402,639,346,49,29,0
403,639,345,49,29,0
404,638,343,49,29,0
405,638,342,49,29,0
406,637,340,49,29,0
407,636,339,49,29,0
408,635,338,49,29,0
409,634,337,49,29,0
410,634,336,49,29,0
411,632,334,49,29,0
412,631,332,49,29,0
413,629,330,49,29,0
414,628,328,49,29,0
415,627,327,49,29,0
416,626,325,49,29,0
417,626,323,49,29,0
418,626,321,49,29,0
419,626,320,49,29,0
420,624,318,49,29,0
421,623,316,49,29,0
422,621,314,49,29,0
423,620,312,49,29,0
424,619,311,49,29,0
425,618,309,49,29,0
426,617,308,49,29,0
427,616,307,49,29,0
428,615,305,49,29,0
429,614,304,49,29,0
430,613,303,49,29,0
431,612,302,49,29,0
432,611,301,49,29,0
433,610,300,49,29,0
434,609,299,49,29,0
435,608,298,49,29,0
436,608,298,49,29,0
437,608,298,49,29,0
438,608,298,49,29,0
439,608,298,49,29,0
440,608,298,49,29,0
441,608,298,49,29,0
442,608,298,49,29,0
443,608,298,49,29,0
444,608,299,49,29,0
445,607,299,49,29,0
446,607,300,49,29,0
447,606,301,49,29,0
448,606,302,49,29,0
449,606,303,49,29,0
450,606,304,49,29,0
451,606,305,49,29,0
452,607,306,49,29,0
453,607,307,49,29,0
454,608,309,49,29,0
455,608,310,49,28,0
456,609,311,49,27,0
457,610,312,49,26,0
458,611,313,49,25,0
459,612,315,49,24,0
460,611,317,49,24,0
461,611,320,49,24,0
462,611,322,49,24,0
463,611,325,49,24,0
464,611,325,49,24,0
465,611,325,49,25,0
466,611,325,49,25,0
467,612,326,49,25,0
468,612,326,48,26,0
469,613,327,46,26,0
470,614,328,45,27,0
471,615,328,43,28,0
472,616,329,41,28,0
473,617,330,40,29,0
474,616,330,40,29,0
475,615,330,40,29,0
476,614,331,40,29,0
477,613,331,40,29,0
478,612,332,40,29,0
479,611,332,40,29,0
480,610,333,40,29,0
481,609,333,41,29,0
482,609,333,41,29,0
483,609,333,41,29,0
484,609,333,41,29,0
485,609,333,41,29,0
486,609,334,41,29,0
487,607,334,41,29,0
488,606,334,41,29,0
489,605,335,41,29,0
490,604,335,41,29,0
491,603,336,41,29,0
492,602,336,41,29,0
493,601,337,41,29,0
494,601,337,41,29,0
495,601,337,41,29,0
496,602,337,41,29,0
497,602,337,41,29,0
498,603,337,41,29,0
499,603,337,41,29,0
500,604,337,41,29,0
501,603,337,41,29,0
502,602,337,41,29,0
503,601,338,41,29,0
504,600,338,41,29,0
505,599,339,41,29,0
506,598,339,41,29,0
507,598,340,41,29,0
508,598,341,41,28,0
509,598,342,41,28,0
510,599,343,40,28,0
511,599,345,41,27,0
512,600,346,40,27,0
513,600,347,40,27,0
514,601,349,40,26,0
515,606,351,40,26,0
516,611,353,40,26,0
517,616,355,40,26,0
518,621,358,40,26,0
519,636,364,40,26,0
520,652,370,40,26,0
521,668,376,40,26,0
522,684,383,40,26,0
523,703,390,39,22,0
524,728,394,39,22,0
525,753,398,39,22,0
526,770,398,39,22,0
527,781,400,39,22,0
528,793,402,39,22,0
529,795,403,39,22,0
530,798,405,39,22,0
531,800,406,39,22,0
532,803,408,39,22,0
533,803,410,39,22,0
534,804,413,39,22,0
535,805,415,39,22,0
536,806,418,39,22,0
537,805,419,39,22,0
538,805,420,39,22,0
539,804,421,39,22,0
540,804,422,39,22,0
541,803,423,39,22,0
542,802,424,39,22,0
543,801,425,39,22,0
544,800,426,39,22,0
545,794,426,39,22,0
546,788,426,39,22,0
547,782,426,39,22,0
548,776,426,39,22,0
549,770,427,39,22,0
550,766,426,38,22,0
551,762,426,37,21,0
552,758,425,37,22,0
553,754,425,36,21,0
554,750,425,36,21,0
555,745,422,36,22,0
556,741,420,36,22,0
557,737,418,35,22,0
558,733,416,35,23,0
559,728,412,35,23,0
560,723,409,35,23,0
561,719,405,35,23,0
562,714,402,35,23,0
563,710,399,35,23,0
564,706,395,35,23,0
565,702,391,35,23,0
566,698,388,35,23,0
567,694,383,35,23,0
568,690,378,35,23,0
569,687,373,35,23,0
570,681,370,35,23,0
571,676,367,35,23,0
572,670,364,35,23,0
573,665,362,35,23,0
574,661,359,34,23,0
575,657,356,34,24,0
576,653,353,34,25,0
577,650,350,33,26,0
578,646,348,33,26,0
579,643,347,33,26,0
580,640,346,33,26,0
581,637,342,33,26,0
582,634,338,33,26,0
583,631,335,33,26,0
584,626,332,33,26,0
585,621,330,33,26,0
586,616,328,33,26,0
587,612,326,33,26,0
588,609,323,33,26,0
589,606,321,33,26,0
590,603,318,33,26,0
591,600,316,33,26,0
592,597,314,33,26,0
593,595,312,33,26,0
594,593,310,33,26,0
595,591,308,33,26,0
596,589,306,33,26,0
597,587,303,33,27,0
598,585,301,34,27,0
599,583,299,35,28,0
600,581,297,36,28,0